function Hd = polyphase_1
%POLYPHASE_1 Returns a multirate filter object.

% MATLAB Code
% Generated by MATLAB(R) 9.7 and DSP System Toolbox 9.9.
% Generated on: 03-May-2020 21:45:08

decf = 3;                     % Decimation Factor

Hd = dsp.FIRDecimator( ...
    'Numerator', [0 -4.30204953999871e-05 -7.60134387603161e-05 0 ...
    0.000184871246190812 0.000267535810089018 0 -0.000509707834263007 ...
    -0.000678795935585299 0 0.00114076901993147 0.00144642782346422 0 ...
    -0.00224369790784149 -0.00275212604813956 0 0.00403751341956227 ...
    0.00483766813374426 0 -0.006824052783861 -0.00804641764132624 0 ...
    0.0110708380872785 0.0129410299501543 0 -0.0176546672930301 ...
    -0.0206612341518348 0 0.0286870139160592 0.034237591369701 0 ...
    -0.0513495051508567 -0.0658556753393525 0 0.136279175048351 ...
    0.274885038381779 0.333333333333333 0.274885038381779 ...
    0.136279175048351 0 -0.0658556753393525 -0.0513495051508567 0 ...
    0.034237591369701 0.0286870139160592 0 -0.0206612341518348 ...
    -0.0176546672930301 0 0.0129410299501543 0.0110708380872785 0 ...
    -0.00804641764132624 -0.006824052783861 0 0.00483766813374426 ...
    0.00403751341956227 0 -0.00275212604813956 -0.00224369790784149 0 ...
    0.00144642782346422 0.00114076901993147 0 -0.000678795935585299 ...
    -0.000509707834263007 0 0.000267535810089018 0.000184871246190812 0 ...
    -7.60134387603161e-05 -4.30204953999871e-05], ...
    'DecimationFactor', decf);

% [EOF]
